<?xml version="1.0" standalone="no"?>
<!DOCTYPE svg PUBLIC "-//W3C//DTD SVG 20010904//EN"
 "http://www.w3.org/TR/2001/REC-SVG-20010904/DTD/svg10.dtd">
<svg version="1.0" xmlns="http://www.w3.org/2000/svg"
 width="700.000000pt" height="700.000000pt" viewBox="0 0 700.000000 700.000000"
 preserveAspectRatio="xMidYMid meet">
<metadata>
Created by potrace 1.16, written by Peter Selinger 2001-2019
</metadata>
<g transform="translate(0.000000,700.000000) scale(0.100000,-0.100000)"
fill="#000000" stroke="none">
<path d="M6951 4997 c-165 -307 -383 -639 -593 -903 -48 -62 -88 -116 -88
-121 0 -5 18 -27 40 -48 46 -45 34 -51 127 65 153 192 329 455 472 704 l91
160 0 113 c0 62 -1 113 -2 113 -2 0 -23 -37 -47 -83z"/>
<path d="M3220 5060 c-105 -8 -119 -11 -268 -46 l-102 -25 -113 16 c-92 14
-122 15 -165 5 -64 -14 -113 -59 -134 -122 l-15 -43 -69 0 c-61 0 -77 -5 -136
-37 -49 -27 -93 -42 -159 -53 -260 -45 -349 -141 -349 -373 0 -42 5 -95 11
-117 11 -41 53 -105 69 -105 4 0 11 15 15 33 34 170 129 247 303 247 63 0 95
-7 177 -36 154 -56 218 -70 385 -88 296 -32 409 -58 465 -107 70 -62 37 -92
-97 -91 -129 1 -227 23 -463 102 -318 107 -461 135 -564 110 -50 -12 -101 -43
-101 -61 0 -5 33 -9 73 -9 243 0 523 -101 674 -243 133 -126 170 -216 160
-392 -6 -113 -17 -153 -92 -350 -66 -173 -105 -305 -105 -357 0 -52 43 -132
85 -158 48 -30 133 -27 198 5 49 25 104 60 166 106 19 14 34 19 39 13 5 -5 14
-40 21 -77 37 -210 119 -279 254 -211 59 29 131 81 166 118 14 14 27 26 31 26
4 0 13 -33 20 -72 22 -127 62 -203 122 -234 81 -42 238 28 320 142 17 24 35
41 39 37 4 -5 12 -39 19 -78 33 -195 132 -274 259 -205 13 6 52 36 88 67 35
30 66 53 68 51 2 -1 10 -41 19 -87 19 -100 51 -170 88 -191 15 -8 29 -12 31
-10 2 3 1 34 -4 70 -4 36 -13 272 -18 525 -22 917 -58 1300 -150 1585 -17 52
-34 100 -38 106 -5 7 -78 16 -183 23 -132 8 -214 19 -335 46 -215 48 -335 65
-459 65 l-103 0 -1 -53 c-1 -144 -103 -206 -237 -143 -73 33 -165 146 -165
201 0 12 -12 15 -57 15 -45 0 -63 5 -90 26 -61 46 -80 111 -41 138 37 26 91
20 165 -20 l68 -36 125 6 c69 3 184 13 255 22 267 33 410 21 730 -58 255 -63
340 -47 400 77 15 31 25 58 23 61 -3 2 -34 -2 -69 -11 -132 -31 -192 -19 -454
90 -338 141 -547 184 -795 165z m-590 -168 c17 -14 24 -33 30 -87 6 -55 16
-86 51 -148 55 -99 135 -200 202 -256 28 -24 54 -48 56 -54 2 -7 -25 -8 -85
-3 -352 26 -665 172 -664 308 1 47 69 98 130 98 38 0 96 -26 104 -46 8 -22
-10 -59 -40 -83 -33 -26 -36 -23 78 -81 70 -36 246 -96 255 -86 2 2 -35 46
-82 97 -99 109 -137 178 -143 260 -4 48 -1 60 17 78 26 26 61 27 91 3z"/>
<path d="M6951 4490 c-124 -209 -325 -491 -438 -611 -35 -36 -63 -71 -63 -76
0 -6 101 -135 135 -171 10 -11 361 452 401 530 11 22 14 68 12 215 l-3 188
-44 -75z"/>
<path d="M5965 3646 c-370 -373 -660 -593 -1007 -763 l-138 -68 5 -35 c14 -92
35 -404 46 -673 26 -645 -33 -1323 -166 -1929 -19 -86 -35 -162 -35 -167 0 -7
65 -11 195 -11 l195 0 184 59 c277 90 671 237 703 263 9 7 8 19 -3 50 -23 65
-18 184 10 243 34 75 136 164 241 211 l85 38 -7 36 c-14 65 -6 202 14 266 49
150 150 244 354 327 l37 15 -20 58 c-50 148 4 303 167 472 51 53 111 111 134
127 l41 30 0 321 0 320 -76 115 c-149 222 -313 433 -592 762 -73 86 -136 157
-140 156 -4 -1 -106 -101 -227 -223z"/>
<path d="M6938 3771 c-31 -42 -91 -116 -133 -164 l-77 -88 25 -32 c14 -17 46
-54 71 -82 l46 -50 41 45 c95 103 90 86 87 278 l-3 170 -57 -77z"/>
<path d="M2517 2747 c-10 -34 -41 -108 -69 -165 -27 -57 -47 -106 -44 -109 12
-12 132 17 193 47 43 21 69 42 84 67 16 26 19 38 11 41 -40 13 -110 84 -131
131 -12 28 -23 51 -24 51 -1 0 -10 -28 -20 -63z"/>
<path d="M0 2442 l0 -219 48 -18 c26 -9 125 -51 221 -92 1030 -441 1639 -999
2089 -1915 l97 -197 249 0 249 -1 -7 30 c-9 46 -90 248 -153 384 -215 460
-588 959 -958 1280 -395 344 -882 606 -1695 914 -58 22 -113 43 -122 47 -17 7
-18 -7 -18 -213z"/>
<path d="M2980 2629 c-37 -31 -113 -59 -163 -59 -29 0 -29 -1 -23 -42 18 -111
65 -186 132 -208 78 -26 200 24 242 98 l23 41 -38 24 c-54 35 -89 75 -113 130
-11 26 -22 47 -23 47 -1 -1 -18 -14 -37 -31z"/>
<path d="M3494 2499 c-29 -33 -114 -69 -163 -69 l-43 0 7 -47 c15 -107 76
-193 145 -208 82 -18 193 32 229 104 l21 40 -33 20 c-49 30 -94 81 -117 134
-11 26 -22 47 -24 47 -2 0 -11 -10 -22 -21z"/>
<path d="M2645 2424 c-38 -31 -120 -64 -157 -64 -20 0 -39 -3 -42 -8 -8 -13
13 -104 35 -149 56 -116 197 -135 304 -42 37 33 66 90 48 96 -51 17 -129 102
-147 161 -9 26 -14 27 -41 6z"/>
<path d="M3960 2349 c-36 -31 -113 -59 -162 -59 -28 0 -28 -1 -22 -42 17 -107
56 -171 122 -200 55 -25 104 -19 175 20 45 24 97 82 97 107 0 6 -16 19 -36 30
-47 25 -102 90 -116 137 -6 21 -14 38 -17 38 -3 -1 -22 -14 -41 -31z"/>
<path d="M2293 2285 c-11 -22 -32 -71 -46 -110 -33 -93 -56 -141 -89 -192 -16
-23 -28 -47 -28 -53 0 -18 82 -50 131 -50 88 0 170 44 205 112 18 35 19 34
-16 48 -69 28 -107 98 -127 230 l-9 55 -21 -40z"/>
<path d="M3143 2260 c-33 -30 -115 -60 -164 -60 -26 0 -27 -2 -23 -37 9 -61
32 -123 59 -158 31 -41 101 -70 150 -62 80 13 161 73 179 132 5 16 -2 25 -30
40 -47 25 -97 85 -114 135 -7 22 -16 40 -19 40 -3 0 -20 -14 -38 -30z"/>
<path d="M4425 2180 c-38 -30 -118 -60 -162 -60 -19 0 -23 -5 -23 -28 0 -45
26 -120 55 -157 39 -52 77 -68 151 -63 76 5 138 42 169 102 20 38 20 38 1 50
-47 27 -107 92 -129 137 l-23 50 -39 -31z"/>
<path d="M3640 2129 c-44 -35 -96 -58 -150 -65 l-52 -7 5 -43 c7 -64 55 -155
97 -182 31 -21 44 -23 103 -19 82 5 140 40 172 101 20 38 20 38 1 50 -48 28
-106 91 -125 136 -12 28 -23 50 -24 50 -1 0 -13 -9 -27 -21z"/>
<path d="M2820 2039 c-44 -35 -96 -58 -150 -65 l-52 -7 6 -46 c9 -66 55 -152
95 -178 72 -48 198 -21 261 55 38 47 38 66 -2 90 -49 31 -84 71 -108 125 -11
26 -22 47 -23 47 -1 0 -13 -9 -27 -21z"/>
<path d="M0 1842 l0 -187 122 -60 c284 -140 608 -333 823 -490 359 -261 651
-599 857 -991 l60 -114 185 0 184 0 -7 23 c-4 12 -31 74 -61 137 -210 447
-540 846 -988 1195 -111 87 -394 275 -525 350 -107 62 -482 251 -577 292 l-73
32 0 -187z"/>
<path d="M4120 1949 c-45 -36 -84 -52 -140 -58 l-55 -6 3 -35 c7 -89 54 -175
113 -205 81 -42 220 9 266 98 15 29 15 32 -3 42 -46 26 -114 100 -130 141 -9
24 -19 44 -23 44 -3 0 -17 -9 -31 -21z"/>
<path d="M6929 1896 c-52 -43 -73 -69 -103 -128 -35 -69 -58 -158 -41 -158 4
0 54 30 111 68 l104 67 0 103 c0 56 -1 102 -2 102 -2 0 -33 -25 -69 -54z"/>
<path d="M3323 1876 c-44 -36 -90 -57 -144 -63 -45 -5 -49 -8 -49 -33 0 -85
70 -199 136 -220 71 -24 176 15 229 84 32 43 32 62 -4 80 -40 21 -108 101
-116 137 -9 40 -19 43 -52 15z"/>
<path d="M4610 1832 c-46 -49 -97 -72 -159 -72 -28 0 -31 -3 -31 -33 0 -59 30
-139 65 -174 28 -28 40 -33 80 -33 61 0 108 26 98 55 -4 11 -7 84 -7 163 1 78
1 142 0 142 -1 0 -21 -22 -46 -48z"/>
<path d="M2026 1779 c-21 -38 -36 -71 -35 -72 77 -43 209 -147 302 -237 333
-320 651 -832 855 -1372 l37 -98 653 0 c358 0 652 2 652 5 0 3 11 61 24 128
24 117 82 510 105 702 15 124 41 458 41 525 l0 55 -44 -75 c-148 -253 -348
-328 -500 -189 -56 51 -84 97 -93 155 -3 18 -7 34 -9 34 -2 0 -19 -11 -39 -25
-85 -57 -218 -82 -292 -54 -44 16 -102 78 -135 144 -17 33 -31 61 -33 63 -1 1
-30 -12 -64 -30 -53 -27 -73 -32 -134 -32 -51 -1 -83 5 -111 18 -56 28 -127
104 -156 167 -13 30 -25 55 -25 56 -1 2 -34 -14 -74 -34 -100 -52 -186 -57
-267 -18 -64 32 -112 89 -145 178 -12 31 -25 57 -30 57 -5 0 -44 -18 -87 -39
-94 -47 -154 -64 -194 -56 -17 4 -59 31 -94 61 -35 30 -65 54 -67 54 -1 0 -20
-32 -41 -71z"/>
<path d="M3790 1715 c-27 -28 -88 -53 -145 -59 l-40 -4 3 -48 c3 -69 45 -149
93 -181 79 -52 215 -15 276 76 13 19 23 37 23 42 0 4 -20 19 -45 33 -43 25
-88 81 -113 139 -14 33 -22 34 -52 2z"/>
<path d="M4289 1583 c-23 -27 -111 -63 -158 -63 l-44 0 7 -51 c13 -95 78 -189
142 -205 78 -20 192 31 232 103 l23 42 -29 15 c-40 21 -107 97 -123 139 -14
40 -29 46 -50 20z"/>
<path d="M6900 1464 c-47 -35 -145 -105 -218 -155 -135 -92 -170 -128 -217
-220 -26 -50 -42 -119 -28 -119 18 0 194 106 376 226 l187 125 0 104 c0 58 -3
105 -7 104 -5 0 -46 -29 -93 -65z"/>
<path d="M0 1252 l0 -197 54 -28 c292 -153 614 -392 821 -609 96 -101 254
-302 297 -379 l22 -39 218 0 219 0 -27 48 c-269 466 -481 710 -850 973 -160
115 -496 307 -706 406 l-48 22 0 -197z"/>
<path d="M6920 1051 c-137 -99 -327 -210 -565 -329 -134 -66 -165 -87 -187
-119 -58 -84 -105 -221 -81 -236 19 -12 585 300 816 450 l97 63 0 110 c0 60
-3 110 -7 109 -5 0 -37 -22 -73 -48z"/>
<path d="M0 627 l0 -213 43 -24 c138 -76 276 -179 403 -302 l91 -88 216 2 217
3 -72 90 c-94 118 -308 331 -428 426 -137 109 -443 319 -465 319 -3 0 -5 -96
-5 -213z"/>
<path d="M6940 598 c-81 -59 -247 -157 -400 -236 -205 -107 -387 -186 -765
-330 l-80 -31 469 0 469 -1 116 61 c64 34 146 80 184 102 l67 40 0 219 c0 120
-1 218 -2 217 -2 0 -28 -19 -58 -41z"/>
<path d="M0 101 l0 -101 131 0 c111 0 130 2 120 14 -13 15 -181 144 -223 171
l-28 17 0 -101z"/>
</g>
</svg>
